### bzr hashcache v5
docs/example-4.php// baa885b7f5b0d41e47472e2b92109754f431a217 2693 1155743755 1164665710 486543 770 33277
tests/renderer-xml.phpt// 5a3a4c40fd081af323a5f497b97c036025250592 1146 1155743755 1164665710 486551 770 33277
tests/renderer-text.phpt// a4626dc214b26cf6fbe15875e444809017dde17b 1044 1155743755 1164665710 486555 770 33277
docs/example-2.php// 38259e9d0fe74b9d3d037b21365d4ca9c0e12bdc 2817 1155743755 1164665710 486541 770 33277
Var_Dump/Renderer/HTML4_Text.php// 73fb7bf1878470adc389742ae7a4164918dffde4 3500 1155743755 1164665710 486581 770 33277
Var_Dump/Renderer/XML.php// bf435865ad7b930887f0695652fb8057e672daf3 6196 1155743755 1164665710 486583 770 33277
tests/renderer-xhtml_text.phpt// e8e0d6577b648ea21b90e184d48cf4584f6c5f58 962 1155743755 1164665710 486553 770 33277
docs/example-6.php// 6f9b8fe23777b29211ae9206ec4bc10178fa0754 840 1155743755 1164665710 486545 770 33277
Var_Dump.php// eb2c5bdb51830286fb28228fbaf79a23813b64ad 19949 1164204312 1164665710 486584 770 33277
Var_Dump/Renderer/HTML4_Table.php// c438f5b2ca99c98e9143841f1d763bec917f872a 4209 1155743755 1164665710 486578 770 33277
tests/bug490.phpt// 3c2e0a76a4031f0013163c3865681268c3db3d38 855 1155743755 1164665710 486562 770 33277
tests/text-compact_mode.phpt// 2b89c357ebcff1b483c8197a531d769c89d4617b 768 1155743755 1164665710 486554 770 33277
data/renderer-xml.dtd// 18a1d82134ad988097f11054dd364151741395c9 275 1155743755 1164665710 486537 770 33277
tests/renderer-xhtml_table.phpt// ff8433f89be1b196f9eca46d28b0d44cbcc15a04 916 1155743755 1164665710 486559 770 33277
tests/toString-resource.phpt// 94b78e6e922a6be9eafc5846ff821d118d957836 298 1155743755 1164665710 486552 770 33277
docs/example-1.php// 603b56e582e83cf57c5d5937986d2206a6e5e199 2089 1155743755 1164665710 486540 770 33277
docs/example-3.php// cda0f42b64e97df5b3006ec8201b1767ce358e18 3074 1155743755 1164665710 486542 770 33277
data/memory-usage.txt// 68cc5f30c16f2aa33ac48adf5fcd79d225afddfd 787 1155743755 1164665710 486538 770 33277
tests/toString-float.phpt// 3ba11eb86d66b55b1edaa27d3a9d7f0932a82030 387 1155743755 1164665710 486548 770 33277
tests/toString-object.phpt// 042e2ee73dd649580c9e549e4e55d22d984bbb87 610 1155743755 1164665710 486550 770 33277
tests/toString-null.phpt// c3aa02ada419fbcf9eb3ad47c808d16d75b20525 196 1155743755 1164665710 486560 770 33277
tests/renderer-table.phpt// 723c0d1775fc5b52127c1313d54b7cb3d46373d7 983 1155743755 1164665710 486547 770 33277
tests/bug1321.phpt// 551be6e8441fe4e8383c6885df97afde2f27f4cc 438 1155743755 1164665710 486549 770 33277
Var_Dump/Renderer/XHTML_Text.php// 487165d9ead33434b4024c774795e60f275574af 3511 1155743755 1164665710 486579 770 33277
Var_Dump/Renderer.php// 477d2b30c57cd7cfd3a66b556c264ba62a538a7f 3002 1155743755 1164665710 486574 770 33277
tests/text-wide_mode.phpt// 8853f0b1813da19fa11c6aad33300d51c7d1f6e2 925 1155743755 1164665710 486567 770 33277
tests/toString-bool.phpt// c22a5c8d66409aeaf55249857b7936e73d3d306d 250 1155743755 1164665710 486558 770 33277
tests/toString-int.phpt// 42a908a591b37404c72ac3c4376090738eb79ca8 307 1155743755 1164665710 486563 770 33277
tests/bug3416.phpt// 64c74e4cb511307f704e517fa4dc20f342d25389 582 1155743755 1164665710 486565 770 33277
docs/example-5.php// 6f2ded7827ceb88c72cf5248121ee81e86114644 1960 1155743755 1164665710 486544 770 33277
tests/toString-array.phpt// 8ccacaf7d0614080c89fad3c3b00145f53085302 608 1155743755 1164665710 486557 770 33277
tests/renderer-html4_text.phpt// 713a165eca66917cf2b2f6327efd58ab79deed99 972 1155743755 1164665710 486568 770 33277
Var_Dump/Renderer/XHTML_Table.php// 0a2c9335383198a04f0245ce1311065790126f45 3461 1155743755 1164665710 486577 770 33277
.bzrignore// ecb39380a39d86a6861344abf98891016990e2c5 6 1155743755 1164665710 486572 770 33204
Var_Dump/Renderer/Text.php// 7a3bbb34649df5c5cab85dbaa2da733e53f8a087 12846 1155743755 1164665710 486576 770 33277
tests/ignore-list.phpt// c85c2decf4608e89a7409ddf17d23a43cfae0551 643 1155743755 1164665710 486561 770 33277
tests/renderer-html4_table.phpt// 503057f25917c539d4726e21afc413db27c3a657 1796 1155743755 1164665710 486564 770 33277
tests/text-normal_mode.phpt// 5f90c56b1ae7000fbc9d4f2b796035328f531db3 783 1155743755 1164665710 486566 770 33277
Var_Dump/Renderer/Table.php// c7483c2a088077e8b78e56883ffd68ae23dffd1a 11239 1155743755 1164665710 486580 770 33277
package.xml// f8b62539e1cefc9f76b867adff9731d771a2be5b 8066 1155743755 1164665710 486569 770 33204
Var_Dump/Renderer/Common.php// 5ffd03cf1a21f2849e2fa89dab451303dbca9e46 4714 1155743755 1164665710 486582 770 33277
scripts/gen_php_doc.sh// c62bcbc1848fd5ae5666ea3acfa2c4ab92a58771 240 1155743755 1164665710 486571 770 33277
tests/bug3396.phpt// 8811f05569fdea8c37117d9f31e161915f51109b 438 1155743755 1164665710 486556 770 33277
